0.0009647601109212552
0.0024593046218226583
4.066679058363942e-05
3.114670956238851e-05
4.0324164392279007e-07
0.01719682922282323
9.122581218154279e-08
2.804839311013875e-07
0.011259142131213156
8.12798485831024e-05
2.6882984949087603e-05
1.6665097912835111e-06
0.1320754716981132
0.00037693117747418465
0.005882490559733032
0.013620922953643479
2.6731295494815325e-06
0.011259142131213156
0.06455025475690485
0.0032900255017177106
0.011758616361910647
0.016679329939933537
0.01006380126558715
0.008581562966666964
0.020051355006785634
0.9335050973608277
6.412819354166869e-09
0.9999814306191012
0.6281869070588744
0.0054015566223816714
3.7971335270141585e-07
5.868374501961319e-10
0.0004658997086660774
0.02031488062033211
0.00029929721694945674
0.24107432189835218
0.0008678534828748999
5.7078760858503275e-05
0.0009286044398542291
0.013057294695462482
1.2155382423284193e-06
2.4929815732980358e-05
1.2947586120553732e-06
0.015941134071022215
0.017931619060949557
0.1320754716981132
0.1370782206821131
0.058676390055187606
3.703321173377566e-08
0.00016035728695456606
0.0007497864944228999
0.007831529012280358
2.7440051083277227e-07
0.06893864734899638
0.00022354768179336503
0.1320754716981132
0.014396927291929065
0.0008207413516799458
0.00023745778672130556
2.2350183184549402e-05
0.9999999999972431
1.1437929310258968e-05
7.409102693448054e-05
2.311616973236843e-07
0.058676390055187606
0.012548813109470102
0.19442631158761767
0.04849282722864905
0.009662929183275907
2.0063263291678476e-05
0.9970714333094045
0.0006704017462885722
1.1363759365965297e-05
0.02025672102151248
0.9974187600995226
1.6659181001421897e-07
0.010756478612779936
0.000981895445304299
0.06361364804362779
0.9809937622214172
1.0642188583299387e-07
6.333822101176016e-07
0.00016510566108709509
9.854018306972373e-15
0.007831529012280358
0.9953339917745003
6.776937927812122e-05
0.058676390055187606
9.746912945523247e-05
0.1320754716981132
0.0009614098825610697
0.9999999999056683
0.0028347918045578714
0.01142690657037225
0.011259142131213156
0.016800359642865137
7.109405003148257e-08
0.025655105286204207
0.9999999240689477
0.09620154342894921
0.004468171595084407
0.012064572229592787
0.023411390005363564
1.1996624031291315e-05
0.9999999998255404
0.9998249232486977
8.708865598791015e-05
0.03804256274834276
0.9999999999998437
0.0005740241665374183
0.00699720401744421
3.2120495514721784e-15
0.01837623107818656
1.1528931481372578e-06
0.0016312717209318092
0.001017141752110751
3.678591056498579e-07
0.9786927139362904
0.5074296077561622
0.9953339917745003
5.613515941817193e-05
0.024897678384990574
0.0007701322119442757
0.13442418513500598
0.12246931575933694
0.1320754716981132
0.20394525239608075
0.1320754716981132
0.9999990829116228
0.12688155296550147
0.1927956640908058
0.0004909739953492698
0.0007187674016099854
0.000145211380536924
0.0671409385410781
0.11990133540193966
0.0016114157817578073
4.642654693025421e-06
0.012071992958471037
3.170094444051053e-07
0.321429360580355
0.017168528441297674
0.1320754716981132
0.0037909205646452014
0.08445431870737925
0.00026529898073004174
0.0011804614630738508
0.02479709498580528
0.1320754716981132
0.0005834135903241036
0.9999998836863778
0.9984434738750144
0.999215336055796
3.954841008060672e-06
0.01361438974779299
0.017250047093667245
0.9996008951765324
0.1320754716981132
0.00036303050445971323
0.0002816320270517494
0.001048419437447798
0.0010918358690595723
0.014926355975728162
0.000269663652511181
0.0050079267173701566
0.049056403657231344
2.7855081330032938e-08
0.9999942990071636
0.02063437095949809
1.1733369500654955e-05
0.005737574856758052
0.00013402824357891437
0.15354441762741622
0.00036190218513082163
4.524888256483651e-06
0.01017295040930103
0.00016391612937460593
0.3033802580791523
7.106765420542801e-14
0.999705299314399
2.183077079622409e-05
0.02516019316538225
0.0948316794854457
0.0736948645936554
0.9999999733053361
0.1320754716981132
0.028685917032914156
0.1250623544377342
0.002681673660905049
0.009326829583046491
0.1320754716981132
0.9987267461141294
0.003373745163428794
0.08445431870737925
0.5892967958985348
0.1320754716981132
0.004109305148189
0.00014533944585344238
0.613983510420415
0.028743792067130593
0.005091569714287169
0.03804256274834276
0.0015336654465747553
0.999999995955946
0.03324568381203692
0.00011959338735115474
0.004938468148589315
0.00042444923669727406
0.008173814356219614
0.1320754716981132
2.814213022434728e-07
0.014452178518076016
0.026735159278603007
0.020124460808451497
0.017931619060949557
0.9999999945618754
0.9990360924209456
0.1358474995234946
0.007104634298801628
3.23778714053633e-06
0.00043340517446603243
8.959795942098023e-08
3.572215277308122e-06
0.011259142131213156
1.766109992793696e-05
0.9999999999638263
0.9999960556321724
0.058676390055187606
0.0018371936494405697
1.70659081890454e-06
0.0001482253422421078
0.008456752485390328
0.000308840540880375
0.00206211232683129
0.001896798468963513
0.19442631158761767
0.00019986037524060384
0.9999999999741647
0.013480136182774789
0.035602719313823736
2.3834359345637504e-05
0.36977651787456467
0.0035961636358610586
0.9956540013090214
0.004080902003280396
9.990805266681078e-06
0.1320754716981132
0.006831068896977937
0.03324568381203692
0.0012218119769456142
0.1320754716981132
0.999705299314399
0.022262407531615815
0.07831156392077722
0.06449980974814462
0.9958194117486924
0.015398100036041475
0.004130010594244038
0.011670049942357553
0.004229107577567252
0.006009833342833202
0.14936594004604803
0.0018151453231539767
0.011259142131213156
0.02173541864685336
0.0017779767769569214
0.0016623355275124233
0.03508242487672208
1.9316036697724234e-07
0.031149830907126266
0.9999999970964097
0.999999990664378
7.58058278678792e-07
2.493419672156e-08
0.03524086328142273
0.37777502516746175
0.0007455900482934818
0.08445431870737925
0.03804256274834276
0.0027298214297147546
0.1320754716981132
0.03804256274834276
0.06710080834423127
0.1320754716981132
0.9989709968960859
0.007643124850867829
0.14936594004604803
0.9991448991992234
0.02916696194833632
2.951915102329943e-05
0.8866289612864766
0.1320754716981132
0.9999999576419549
0.0012488994737651607
2.45362881474303e-08
5.616498992073947e-13
0.004980460636740929
0.0011043674787857513
0.019773025001885422
0.003682948557981169
7.216741022077475e-12
0.0010037615823669365
1.455279148953704e-07
0.009579302553502728
6.322974037348325e-05
0.005400488455640543
0.00932833633120232
0.007831529012280358
0.0009404707065073264
0.9979315737008596
0.001099045856882482
0.00019026246965579487
0.01887283035525667
0.00012437443406468376
2.4663145663707927e-05
0.09174041153637322
0.007198078637573959
0.5443907889636025
0.03420785828562334
0.0008879879239640189
0.00029043444228861893
0.0002889335396760988
0.08445431870737925
0.0011355513372987174
3.078231452241906e-05
0.0009527870817172821
5.9330747312693074e-05
0.0005394158559998655
0.005831259079561038
0.026735159278603007
0.02041119795808411
2.1341676449738476e-05
4.982549380457929e-05
0.00011095960063237471
0.011259142131213156
0.14936594004604803
0.999999666790194
0.02455891706472174
3.225870664353067e-06
0.002963409350842612
3.316151100883529e-07
0.00019157855304054787
0.999999999999801
0.04381409360866392
1.591774707247747e-07
0.0026446848724085465
0.11990133540193966
0.0007364366006307474
0.001242293230245219
1.8042223702236966e-06
0.0011991833422404536
0.1320754716981132
0.9999933439331384
0.12688155296550147
0.7763003943406676
4.5009207800386526e-05
0.0009230758944639108
0.04458801765806666
0.07978646541391995
0.0006843819177231701
0.999999537538898
5.733446084779138e-09
0.9809821327378572
0.007643124850867829
0.9999983872314859
0.9999115738148421
0.26330864572671125
0.8433784114318869
0.027990609433122086
0.005393979163589105
1.4476567703574837e-06
0.0037292087419269087
0.05631610016178459
0.03029213046895901
1.9720546202190062e-05
5.237047616784192e-08
1.854909486691784e-05
0.0076443087787526984
2.1970603473499333e-05
0.00037280882514790153
0.14936594004604803
0.028637617302237704
0.01873928564000301
7.750736798791966e-10
0.00039934709811939313
0.03057443162437191
0.9999747591471059
8.149942463111568e-05
0.9809821327378572
0.004447792043144716
0.01300988872704736
0.0016365170823648507
0.002205454053955126
0.7004837972647275
0.00040895036131129945
0.01873928564000301
2.0142866501944457e-07
0.0005948359751961682
0.013332860883491227
2.229422430861721e-05
0.22787475767838022
0.1320754716981132
0.00016960590302957822
4.798591559030862e-05
1.7787253528116345e-05
1.705337111553459e-05
0.01229650144029109
0.9809821327378572
3.5224913190173854e-07
0.2452791664247031
0.07628388690349862
0.000729274185525498
0.1320754716981132
0.0019377395599587074
0.00010338063089809653
0.0011069675771681242
6.441160500483153e-05
1.6325684327421966e-05
0.015558758224034722
0.0014645895838925648
0.058676390055187606
0.022262407531615815
1.0456293523164227e-07
0.0005952537464464332
0.09620154342894921
0.1320754716981132
0.1320754716981132
0.9999640454954297
0.0001287581763657389
0.1320754716981132
0.00782555849320744
0.00040482323512176056
0.0018623336204180165
0.01988316805896924
0.1320754716981132
0.001028335449114283
0.012921773980944675
1.3784810514884838e-05
0.1320754716981132
0.002293473277638199
0.001877774072208863
2.626027044203653e-07
0.1320754716981132
0.026735159278603007
0.1250623544377342
0.00020295414442336347
0.008855522436663215
0.003364062468717264
2.45362881474303e-08
0.9999975885599938
0.9999978559277628
5.601838535968067e-06
0.004300550765901446
0.1320754716981132
0.02916696194833632
0.0002709074156449666
0.14936594004604803
0.001186585674331216
0.0736948645936554
0.1131031827931912
3.605967325263679e-05
0.01005153069358409
0.038166949192593745
0.002480119838649934
0.00019475321860563
0.09371637143953065
0.7049661871755462
0.004399015875418343
0.22578489787421813
0.14936594004604803
0.013277381514898316
0.00010018383330558922
0.13071883920945016
7.535181243496356e-06
0.02822757242478394
0.9968406013143486
0.00010228927920782197
0.03804256274834276
0.0015563055484947494
0.994025005196093
0.03220123327823661
0.5804550751163404
0.07121666783307534
0.9999998830468113
0.07044980542323448
0.9999992816593868
0.00039176824060248235
0.00255370584097272
0.0009094653739558999
0.9999950221099901
0.006227685199375528
0.0004855586610028951
0.9999999999503899
0.1320754716981132
0.013527460905108925
0.01889123008201461
6.755468756765907e-05
4.0619538210160255e-05
0.013832777180487345
0.005490857277117738
2.652850308580388e-05
0.021561100785420576
0.001531146017192058
0.9970325352862287
0.005453772723783691
0.046007612705129174
0.01755912267598394
0.1320754716981132
1.5638967669438148e-08
0.0012213857472589762
0.1320754716981132
0.0022474904589646193
5.902227807560266e-09
0.0005959644350124752
0.0003015691608869072
0.9999999991411883
1.0701641713943408e-10
0.7912191206193504
0.00127412197960667
0.016340686141958497
0.0008395649417116599
0.011259142131213156
2.8054347272733458e-08
3.9571557853178503e-10
3.3131417975572195e-05
0.0011043674787857513
0.9976364397888813
0.03804256274834276
0.9999978559277628
1.0043941336566042e-14
0.03182953308478749
0.0001792725884661622
0.0055059241147935745
0.01539602009324656
0.0003178907593067215
0.7605606490850462
0.0026481353700116236
0.00018886874458848158
0.858218761337725
0.000525050368507634
1.9990568317567357e-08
0.02031488062033211
0.1320754716981132
0.25195059959299065
0.1320754716981132
0.040303211455016474
0.0013975248801664571
0.013049385265737172
0.2855430527037991
0.049056403657231344
0.9982521857520623
0.0017355777823761644
6.822209907016675e-06
8.248101516087796e-05
0.0001731922595583457
0.00490630673257424
0.15050143737877283
0.11420992524607763
5.3322956180205335e-06
0.00018531984616457036
0.0038502714453673642
0.005515090510379662
0.007643124850867829
0.0777200939202198
5.009957833416577e-06
0.0005933395984829286
0.015187281007096412
0.058676390055187606
0.14936594004604803
0.00037770842227013464
0.04659470047927837
0.9999996259049329
0.07509913739690854
0.9996008951765324
0.007831529012280358
0.0010918358690595723
0.9999997785311724
0.00014856898857041123
3.991480485271859e-09
5.248399130673048e-07
0.15789844851933618
0.023348638253895663
0.010104414347450769
0.049056403657231344
0.1320754716981132
3.659490488532524e-05
0.9999831673061654
0.0016851023859942192
9.18248206639768e-05
0.9999999980709973
0.003371350739800187
5.656527669420064e-07
6.6543393656992845e-06
0.007831529012280358
0.03136229660079704
2.0502195881588246e-09
0.0057425575123999225
0.7753942041132239
0.00010316329862986318
2.3126806409236627e-08
0.00012586224361296983
0.014549573964857284
0.0002830508478603304
3.6541387309287785e-08
1.168256693748365e-05
0.011259142131213156
0.008311889155465409
0.1320754716981132
0.20394525239608075
1.0848240768658437e-06
0.015589006184732867
0.1320754716981132
0.31546668135882794
2.45362881474303e-08
0.0005860400602119543
0.25195059959299065
0.0031166649587272013
0.0005425001428714183
2.6729519759227797e-06
0.9999943434286719
0.024897678384990574
0.007831529012280358
0.0011170128597871299
0.003440950519020921
0.22578489787421813
0.0019579662054896303
0.01006380126558715
0.1927956640908058
0.007831529012280358
0.024413944286294464
0.02063437095949809
0.00025040678630385406
0.396575706017266
0.006743525353657094
0.14936594004604803
0.0032315202794079944
0.04499204981057173
0.0003957861987175991
0.9999930457134326
0.1320754716981132
0.9999999957165144
0.1647256539761608
0.9999998908622263
0.0007027917961702748
0.999530819184311
0.06449980974814462
0.1320754716981132
0.00019633196373619212
0.20367219701163575
0.25195059959299065
1.0
1.1850612338939063e-09
0.0015574682988293378
0.04623960247137528
0.017908644917015014
0.1320754716981132
4.51375872488891e-06
4.162392454848842e-06
0.7471454192942903
0.0006810887000022279
0.0034572884971929316
0.0020471274057158066
0.002008526436154767
0.00039370631382756454
0.12430110614180806
0.00014841825289181178
0.03111263386180764
0.013495389113885207
0.021561100785420576
0.00030319946193657437
0.9999990930168173
0.11185161336261151
0.12688155296550147
0.00014533944585344238
0.1320754716981132
0.043053364201128666
0.2737721139066441
0.9999173300266502
4.39080052817908e-05
0.012071992958471037
0.12647145474347862
1.7222080911809125e-05
0.007643124850867829
0.03804256274834276
0.9999999948862097
7.70172683854062e-05
0.022262407531615815
0.16684148803807433
0.007831529012280358
0.0010918358690595723
0.01184381305918705
0.0041423812312555265
0.004152717990307279
0.00014533944585344238
3.663057609638523e-05
0.005178647380233408
0.002481910466149701
0.006064023390820404
0.0026667238843026742
0.003525016011452007
0.9999932748681218
0.025285019886333
0.9998010606424431
0.004980460636740929
1.442408212186263e-11
1.6098011027760038e-09
0.14936594004604803
3.6351258973067917e-05
0.0054015566223816714
0.03804256274834276
0.9809821327378572
5.855247719103754e-05
1.2663332197929463e-06
0.003178062937117081
0.012071992958471037
5.297714792160682e-12
6.44599076191488e-05
0.020050980909132533
0.9999999999999147
0.007187094002527437
0.00933610375901507
1.014995221857342e-05
0.10005806076315922
0.002173609524359426
7.440536655312042e-06
0.0014418786360092524
0.0001427862685191094
0.0027523198436653646
0.08443007664091623
0.00047315224983095373
3.203859496186941e-07
1.1734689516508734e-07
0.014499061924545871
0.9999998568335857
0.999999999998245
8.909888698861029e-05
0.0012176524965300608
0.0011417263424222013
2.418404267261468e-06
0.008855522436663215
0.00028952745173121443
0.9999913772186425
0.9999992816593868
0.9999948750377944
0.017931619060949557
0.0022431276456431042
0.035363586828077026
0.0045690143772417445
0.1320754716981132
3.042356402940604e-05
1.0185406654241201e-07
0.017945118594055787
0.058676390055187606
0.0002160446527588221
0.9984566314909877
4.78481218051688e-10
0.002000572858106646
0.013832777180487345
0.9999996464266999
0.10785231002531645
1.9672231561995833e-07
0.9809821327378572
0.017945118594055787
0.00034184528964182915
0.03825033755833482
0.0006295054569420375
0.05878818411981496
0.00021007820105379887
0.1927956640908058
0.1320754716981132
0.0002574630534597949
0.00011256272182269837
0.0005109615277959675
0.001027991677516852
0.021346272532081465
4.568360462218678e-06
3.1449637811342115e-05
0.1320754716981132
0.001466995124286051
0.013429172802486934
0.22578489787421813
0.0022861892090388844
0.00014533944585344238
0.0005983672874488971
0.0013400047980594919
0.1320754716981132
0.1320754716981132
2.1392784161138246e-05
0.0003783211325221721
0.023302792175591922
0.0019611249475515943
0.1320754716981132
1.3218947219416882e-05
0.9999814306191012
0.0021453251181264166
0.027206744963553346
0.008342724551845171
7.4142551702647555e-06
0.015809328284073464
0.31339182588648584
4.147492722691495e-07
0.007017062984518077
0.003631025218488474
0.9999533001899864
0.9982456258982068
0.058676390055187606
0.00017046657986167824
0.20394525239608075
0.000853250608275935
0.9999999342487434
0.1320754716981132
0.0019951004876390182
4.626278773679815e-07
0.16684148803807433
0.999998811200523
0.04235587987545307
2.113038643086576e-05
0.7814621255331965
0.05295582262840987
0.002046127054273747
0.1320754716981132
0.009086152140315783
0.9999999991309352
0.9941563090257538
0.0005914129511624684
1.574189741583097e-05
0.06048695248817376
1.665074759384633e-07
0.20394525239608075
0.0064900771800220185
0.20394525239608075
1.6462849988525574e-08
0.00039121990330888873
0.006499272808913801
7.272515614913383e-05
0.0038811216519468797
2.5772243509186685e-05
3.1519722198576286e-05
0.15947427532522915
0.01889123008201461
0.015187281007096412
4.2994222227055905e-05
0.00018213101895695556
0.01873928564000301
0.004090521680513925
0.007201352836468031
0.9999999999996874
1.1244102728948353e-07
0.9999872336312294
0.0011194092576318321
0.04413158380979734
0.37354659278548413
0.03279186133993206
0.0389334693131266
0.0015747622398346972
4.280819965313324e-05
0.00023404950206249548
2.8452610963785093e-12
0.011350446100819747
3.6686952529793436e-06
0.017661327231128576
0.9997349913964315
0.0039793795480818584
0.11347049427170884
0.07800048596971142
0.0014356419862963496
0.004344491603801425
1.7593782399777587e-07
3.454705988778903e-08
1.1438883569311268e-05
8.81223912533162e-06
0.1370782206821131
1.5017020561248226e-06
0.002184921574248145
0.005741694920530778
6.497197255176578e-05
0.14786297009925087
0.0001832042668757375
0.02565250559303815
1.2919828516174972e-06
9.000267954329678e-05
0.9999999887124531
0.00015441314085590474
3.133677034262466e-05
0.007384836653272706
0.21072843655720827
0.1320754716981132
0.014901630224924647
3.916770942772445e-07
0.9999999999503402
0.0009230758944639108
0.02640769085271349
0.1320754716981132
0.020051355006785634
0.011758616361910647
0.9999843663624691
0.0013609570392991615
0.11185161336261151
0.1320754716981132
0.1320754716981132
0.1320754716981132
0.0012538032417709784
0.11360539400904233
0.1320754716981132
0.10671106025595134
0.0002515189836521751
0.03430673613029796
0.9999999978147756
0.027461715336214484
2.4754857163905337e-12
0.9999837407608189
0.16458119330220117
1.4231970651787956e-05
0.1320754716981132
2.9607180357305055e-06
8.054979538457392e-06
8.986361229623982e-07
0.007831529012280358
0.011259142131213156
0.00017401599425856087
0.20367219701163575
0.999999962502131
0.0015546758796882644
5.5663117526286075e-06
0.0008879879239640189
0.005639407383852779
0.8255172649625091
0.0005061654261084529
0.1320754716981132
0.0005085129048777599
0.9999999927895615
0.007643124850867829
0.029967690486994755
2.3593085449423554e-05
0.1320754716981132
0.03499984056015214
0.9999569770645946
0.9999173300266502
9.296441670376581e-07
1.5047396367965738e-07
0.012071992958471037
0.1320754716981132
0.0009536274755609679
0.000871561368690262
0.9130976251000837
5.135749131833567e-05
0.1320754716981132
0.1320754716981132
0.03984919771064906
0.1320754716981132
0.0003363102486802741
0.012292897570900645
0.01070866339887726
0.9999881944308944
6.18499681309095e-05
0.6694905413273378
0.018810747671503706
0.045306448718712804
0.009952995797558432
0.00039706814136105035
0.1320754716981132
0.1370782206821131
5.320398901499359e-09
3.1014422814525333e-06
0.03804256274834276
0.11817285363541764
1.8476395043885254e-06
0.023411390005363564
0.3973421935333562
1.9929469668348838e-05
0.01322912054158679
0.001637873924015287
0.02822757242478394
0.12246931575933694
0.9997236326362975
0.01192698986079865
0.0034061626224011
6.9837705413933466e-06
0.011160444126142324
0.9998117494360337
0.0015257366321426845
1.6415183632462397e-05
0.0002134243201544713
0.1320754716981132
0.9999968547458461
0.006920387751435689
0.0006920707046966763
0.9499658632936133
0.021139262966125515
0.012071992958471037
0.00012750688743528042
0.011259142131213156
0.005159524953783005
0.11185161336261151
0.9999999999480593
4.4726226566479674e-05
0.20712062765380712
0.0027796184144106783
0.0027616220437963785
0.01089062196606616
