0.078296214
0.0046668057
0.3280648
0.99752647
0.09044993
0.576282
0.008071378
0.025865743
0.70400184
0.99868983
0.9357391
0.98728544
0.007759277
0.9989728
0.973544
0.0015706598
0.51123345
0.9985954
0.16108117
0.24970272
0.064634085
0.00044221422
0.0034988783
0.3454206
0.97045904
0.9940041
0.8367163
0.05243505
0.49482295
0.0030674795
0.019999254
0.97009224
0.99662197
0.29194638
0.99538827
0.00091242767
0.975115
0.9984351
0.08941401
0.92779106
0.9539747
0.9101075
0.71351796
0.9739402
0.9333346
0.98992
0.049503267
0.9973143
0.048454817
0.22228359
0.99771035
0.9400755
0.008997432
0.9843652
0.979835
0.079481184
0.95493287
0.017805275
0.95498997
0.0051453244
0.9929207
0.008368894
0.54611725
0.9320582
0.9462808
0.49640128
0.04136711
0.9682977
0.018554829
0.8892494
0.98184055
0.073857956
0.9983627
0.9853343
0.6607062
0.0050484673
0.86953413
0.07223992
0.9396459
0.0063878368
0.013066308
0.8708264
0.21320012
0.9996698
0.7233832
0.74326545
0.876568
0.8668855
0.9746517
0.99200296
0.12075761
0.13907224
0.465336
0.13380787
0.94961613
0.047148842
0.44926453
0.01390967
0.5324597
0.5213337
0.040210873
0.08465971
0.3052321
0.85585064
0.0036239026
0.98245645
0.9852941
0.21145017
0.9979892
0.89938956
0.93597263
0.80365926
0.9368653
0.0021288078
0.125195
0.23271029
0.98025024
0.26441962
0.7373308
0.0011834404
0.02832992
0.396829
0.9036219
0.44396618
0.8145277
0.99809164
0.024720334
0.026548158
0.9991763
0.44031212
0.9983246
0.6819534
0.10294104
0.6473038
0.000919375
0.9862579
0.030856825
0.98617077
0.57522494
0.003083594
0.06362907
0.7048402
0.9910302
0.8581245
0.08065641
0.993469
0.4885174
0.23494904
0.0143748615
0.06893152
0.99934286
0.0053907894
0.9943551
0.008914071
0.0050577684
0.6424204
0.98768115
0.6965534
0.67829114
0.58881426
0.9421827
0.99313325
0.03319649
0.0011106303
0.0060007963
0.00066603196
0.9026704
0.99992466
0.20786777
0.102379374
0.8888012
0.8435954
0.65392494
0.054641902
0.5216833
0.98262423
0.87712294
0.004858358
0.96140254
0.012846018
0.48617053
0.09977672
0.974196
0.98672044
0.21242131
0.9472197
0.082590826
0.10047519
0.9270284
0.0023790074
0.8684446
0.99928623
0.0031547274
0.047706436
0.15279737
0.99607086
0.07985775
0.9527331
0.048410624
0.00047700328
0.0062886532
0.9750615
0.96505094
0.8357856
0.45002186
0.00031832897
0.871705
0.99962616
0.9505241
0.5892401
0.0012267096
0.08523924
0.012503569
0.0026411868
0.00031682753
0.008814446
0.9955806
0.9990945
0.0033918861
0.07446603
0.9966266
0.9856808
0.14238246
0.02481982
0.023527186
0.11096002
0.0075142356
0.07475797
0.406772
0.9098179
0.88852096
0.05992493
0.8754748
0.8946944
0.7500954
0.81203115
0.12893122
0.19181053
0.4672823
0.98059493
0.18903232
0.16383964
0.8912729
0.042703986
0.0038037768
0.99945384
0.99070716
0.006100782
0.07916952
0.8827313
0.55055994
0.8748641
0.00049981225
0.72796637
0.0109155355
0.9928611
0.56262815
0.0039919675
0.98930883
0.97620356
0.9956098
0.9994697
0.9896884
0.6301358
0.9848898
0.9936267
0.006905349
0.35613018
0.9986066
0.087082304
0.96620965
0.7003164
0.008077874
0.13213485
0.02744323
0.062118996
0.9221507
0.26656973
0.9402026
0.99958295
0.41847837
0.05845415
0.7360778
0.97862536
0.98927957
0.037617803
0.0024083562
0.7791439
0.67286134
0.011162368
0.003641036
0.01964018
0.98648864
0.9999423
0.9978769
0.81515867
0.04744076
0.56918526
0.99336374
0.8615912
0.01684407
0.027019918
0.9915447
0.78330284
0.56722367
0.99972624
0.4201076
0.6891074
0.78846717
0.02733533
0.95426697
0.9725896
0.83206713
0.882821
0.99995327
0.03526852
0.28731862
0.0010075335
0.9737481
0.6464734
0.006240038
0.011390255
0.7162524
0.9485871
0.0050830236
0.01665066
0.0014297678
0.5092908
0.9838214
0.07364092
0.99180365
0.99472046
0.9987607
0.9184807
0.0008663301
0.9976205
0.035018485
0.0012813116
0.62436736
0.9745292
0.07335534
0.035531644
0.8669179
0.014325687
0.655678
0.0043338267
0.054966044
0.3483582
0.9803169
0.75024205
0.0051694866
0.90735316
0.13639237
0.01994907
0.0016882616
0.0056092064
0.985
0.60487443
0.99171126
0.014784456
0.004599744
0.01586076
0.9944349
0.84266114
0.9962651
0.46095335
0.24411996
0.09159468
0.9944722
0.9744095
0.024361104
0.0030137715
0.08369675
0.034278143
0.6638849
0.9929167
0.98625505
0.979186
0.005131966
0.98558956
0.5985792
0.850376
0.89649063
0.9879803
0.97376823
0.32089925
0.005362525
0.99387485
0.003920082
0.0907192
0.7824228
0.28295657
0.9395084
0.123218864
0.98215425
0.51315683
0.99284583
0.9238592
0.046638392
0.49907118
0.9821836
0.9656545
0.47740513
0.9585321
0.9998161
0.0037583762
0.015552947
0.9910445
0.97823936
0.2165765
0.0016336931
0.96290714
0.96901
0.0032016037
0.09375365
0.7068853
0.8133315
0.944853
0.97006625
0.9898685
0.9424186
0.076834485
0.9971731
0.0693412
0.3672328
0.9850738
0.020085674
0.083101265
0.20151764
0.279465
0.033866346
0.86008054
0.0018983108
0.035489034
0.980031
0.42512408
0.91973907
0.99322695
0.0005682798
0.013244111
0.9529394
0.20497471
0.7226198
0.009792625
0.060574103
0.99720603
0.9696516
0.9991172
0.523554
0.8737253
0.64765346
0.9984401
0.7481154
0.5185753
0.0069276
0.024861906
0.71922517
0.03081278
0.9560342
0.106027156
0.8443302
0.009829081
0.02388664
0.0075617954
0.9903476
0.04092312
0.5600359
0.9961528
0.9447765
0.040192187
0.8918799
0.77704567
0.37664476
0.0059012086
0.9855446
0.996093
0.48253298
0.77153134
0.018617036
0.991589
0.21724553
0.9936201
0.65258116
0.9762373
0.20493665
0.21673897
0.98643273
0.55618566
0.122907184
0.99914074
0.110877305
0.5683315
0.9989874
0.1002196
0.8401134
0.9462353
0.9672815
0.97260314
0.98500687
0.07738965
0.95294446
0.8584538
0.0699136
0.01952668
0.9331766
0.9440259
0.72666466
0.9766957
0.9728358
0.99597555
0.0014382497
0.09103298
0.26227126
0.9199429
0.016612042
0.013471576
0.9557062
0.0900804
0.96866745
0.92159444
0.89443356
0.9797354
0.763372
0.8965094
0.98232126
0.035736788
0.9996031
0.035069186
0.8787163
0.26817775
0.818311
0.9958104
0.926556
0.8368993
0.95868963
0.94500554
0.9718854
0.9997347
0.016808445
0.86103505
0.056580935
0.24094218
0.35608047
0.0060656928
0.0007264173
0.9941911
0.012270692
0.98677593
0.9389738
0.04190385
0.027889706
0.015142243
0.96688384
0.05192561
0.87011766
0.25126782
0.97329456
0.8680511
0.05909797
0.981628
0.5083564
0.007467062
0.98482484
0.9119304
0.29817203
0.18634519
0.9920242
0.024178157
0.9911498
0.6859783
0.97752225
0.21761303
0.0027374262
0.062457517
0.9757117
0.0025240122
0.28391123
0.95990545
0.7895594
0.286937
0.15830094
0.9982699
0.0053579113
0.016475452
0.83877224
0.9887749
0.9380317
0.22134855
0.919444
0.0005385664
0.01516362
0.99288684
0.025195554
0.026139203
0.23750952
0.9955972
0.8452209
0.951624
0.972234
0.0069647287
